problemName,vehicleFileID,UAVSpeedType,numUAVs,numTrucks
20191230T152549310182,103,maximum,4,-1

Objective Function Value: 12141.594961 

Assignments: 
vehicleID,vehicleType,activityType,startTime,startNode,endTime,endNode,Description,Status
1.0,Truck,Truck travels with UAV(s) on board,0.0,0.0,672.146529,28.0,Travel from node 0 to node 28,Traveling
1.0,Truck,Truck is stationary with UAV(s) on board,672.146529,28.0,702.146529,28.0,Dropping off package to Customer 28,Making Delivery
1.0,Truck,Truck travels with UAV(s) on board,702.146529,28.0,797.67116,20.0,Travel from node 28 to node 20,Traveling
1.0,Truck,Truck is stationary with UAV(s) on board,797.67116,20.0,827.67116,20.0,Dropping off package to Customer 20,Making Delivery
1.0,Truck,Truck travels with UAV(s) on board,827.67116,20.0,883.445871,13.0,Travel from node 20 to node 13,Traveling
1.0,Truck,Truck is stationary with UAV(s) on board,883.445871,13.0,913.445871,13.0,Dropping off package to Customer 13,Making Delivery
1.0,Truck,Truck is stationary with UAV(s) on board,913.445871,13.0,973.445871,13.0,Launching UAV 3,UAV Launch
1.0,Truck,Truck is stationary with UAV(s) on board,973.445871,13.0,1033.445871,13.0,Launching UAV 2,UAV Launch
1.0,Truck,Truck travels with UAV(s) on board,1033.445871,13.0,1279.874349,42.0,Travel from node 13 to node 42,Traveling
1.0,Truck,Truck is stationary with UAV(s) on board,1279.874349,42.0,1309.874349,42.0,Dropping off package to Customer 42,Making Delivery
1.0,Truck,Truck travels with UAV(s) on board,1309.874349,42.0,1771.980351,33.0,Travel from node 42 to node 33,Traveling
1.0,Truck,Truck is stationary with UAV(s) on board,1771.980351,33.0,1801.980351,33.0,Retrieving UAV 3,UAV Recovery
1.0,Truck,Truck is stationary with UAV(s) on board,1801.980351,33.0,1831.980351,33.0,Retrieving UAV 2,UAV Recovery
1.0,Truck,Truck is stationary with UAV(s) on board,1831.980351,33.0,1861.980351,33.0,Dropping off package to Customer 33,Making Delivery
1.0,Truck,Truck is stationary with UAV(s) on board,1861.980351,33.0,1921.980351,33.0,Launching UAV 2,UAV Launch
1.0,Truck,Truck travels with UAV(s) on board,1921.980351,33.0,2159.77944,14.0,Travel from node 33 to node 14,Traveling
1.0,Truck,Truck is stationary with UAV(s) on board,2159.77944,14.0,2189.77944,14.0,Dropping off package to Customer 14,Making Delivery
1.0,Truck,Truck is stationary with UAV(s) on board,2189.77944,14.0,2249.77944,14.0,Launching UAV 3,UAV Launch
1.0,Truck,Truck is stationary with UAV(s) on board,2249.77944,14.0,2361.83291657,14.0,Idle for 112 seconds,Idle
1.0,Truck,Truck is stationary with UAV(s) on board,2361.83291657,14.0,2391.83291657,14.0,Retrieving UAV 2,UAV Recovery
1.0,Truck,Truck is stationary with UAV(s) on board,2391.83291657,14.0,2451.83291657,14.0,Launching UAV 2,UAV Launch
1.0,Truck,Truck travels with UAV(s) on board,2451.83291657,14.0,2687.46031757,17.0,Travel from node 14 to node 17,Traveling
1.0,Truck,Truck is stationary with UAV(s) on board,2687.46031757,17.0,2717.46031757,17.0,Retrieving UAV 3,UAV Recovery
1.0,Truck,Truck is stationary with UAV(s) on board,2717.46031757,17.0,2747.46031757,17.0,Dropping off package to Customer 17,Making Delivery
1.0,Truck,Truck is stationary with UAV(s) on board,2747.46031757,17.0,2777.46031757,17.0,Retrieving UAV 2,UAV Recovery
1.0,Truck,Truck travels with UAV(s) on board,2777.46031757,17.0,3842.75304157,38.0,Travel from node 17 to node 38,Traveling
1.0,Truck,Truck is stationary with UAV(s) on board,3842.75304157,38.0,3872.75304157,38.0,Dropping off package to Customer 38,Making Delivery
1.0,Truck,Truck travels with UAV(s) on board,3872.75304157,38.0,3993.77727457,8.0,Travel from node 38 to node 8,Traveling
1.0,Truck,Truck is stationary with UAV(s) on board,3993.77727457,8.0,4023.77727457,8.0,Dropping off package to Customer 8,Making Delivery
1.0,Truck,Truck is stationary with UAV(s) on board,4023.77727457,8.0,4083.77727457,8.0,Launching UAV 2,UAV Launch
1.0,Truck,Truck is stationary with UAV(s) on board,4083.77727457,8.0,4143.77727457,8.0,Launching UAV 4,UAV Launch
1.0,Truck,Truck is stationary with UAV(s) on board,4143.77727457,8.0,4203.77727457,8.0,Launching UAV 3,UAV Launch
1.0,Truck,Truck travels with UAV(s) on board,4203.77727457,8.0,4469.55134657,46.0,Travel from node 8 to node 46,Traveling
1.0,Truck,Truck is stationary with UAV(s) on board,4469.55134657,46.0,4499.55134657,46.0,Dropping off package to Customer 46,Making Delivery
1.0,Truck,Truck is stationary with UAV(s) on board,4499.55134657,46.0,4559.55134657,46.0,Launching UAV 5,UAV Launch
1.0,Truck,Truck is stationary with UAV(s) on board,4559.55134657,46.0,4589.55134657,46.0,Retrieving UAV 2,UAV Recovery
1.0,Truck,Truck is stationary with UAV(s) on board,4589.55134657,46.0,4619.55134657,46.0,Retrieving UAV 3,UAV Recovery
1.0,Truck,Truck is stationary with UAV(s) on board,4619.55134657,46.0,4679.55134657,46.0,Launching UAV 2,UAV Launch
1.0,Truck,Truck is stationary with UAV(s) on board,4679.55134657,46.0,4739.55134657,46.0,Launching UAV 3,UAV Launch
1.0,Truck,Truck travels with no UAVs on board,4739.55134657,46.0,4898.51534357,30.0,Travel from node 46 to node 30,Traveling
1.0,Truck,Truck is stationary with no UAVs on board,4898.51534357,30.0,4928.51534357,30.0,Retrieving UAV 4,UAV Recovery
1.0,Truck,Truck is stationary with no UAVs on board,4928.51534357,30.0,4958.51534357,30.0,Retrieving UAV 5,UAV Recovery
1.0,Truck,Truck is stationary with no UAVs on board,4958.51534357,30.0,4988.51534357,30.0,Retrieving UAV 2,UAV Recovery
1.0,Truck,Truck is stationary with no UAVs on board,4988.51534357,30.0,5018.51534357,30.0,Retrieving UAV 3,UAV Recovery
1.0,Truck,Truck is stationary with no UAVs on board,5018.51534357,30.0,5048.51534357,30.0,Dropping off package to Customer 30,Making Delivery
1.0,Truck,Truck travels with UAV(s) on board,5048.51534357,30.0,5701.37118957,23.0,Travel from node 30 to node 23,Traveling
1.0,Truck,Truck is stationary with UAV(s) on board,5701.37118957,23.0,5731.37118957,23.0,Dropping off package to Customer 23,Making Delivery
1.0,Truck,Truck is stationary with UAV(s) on board,5731.37118957,23.0,5791.37118957,23.0,Launching UAV 2,UAV Launch
1.0,Truck,Truck is stationary with UAV(s) on board,5791.37118957,23.0,5851.37118957,23.0,Launching UAV 3,UAV Launch
1.0,Truck,Truck travels with UAV(s) on board,5851.37118957,23.0,6052.68938557,43.0,Travel from node 23 to node 43,Traveling
1.0,Truck,Truck is stationary with UAV(s) on board,6052.68938557,43.0,6082.68938557,43.0,Dropping off package to Customer 43,Making Delivery
1.0,Truck,Truck is stationary with UAV(s) on board,6082.68938557,43.0,6142.68938557,43.0,Launching UAV 4,UAV Launch
1.0,Truck,Truck is stationary with UAV(s) on board,6142.68938557,43.0,6202.68938557,43.0,Launching UAV 5,UAV Launch
1.0,Truck,Truck is stationary with UAV(s) on board,6202.68938557,43.0,6232.68938557,43.0,Retrieving UAV 3,UAV Recovery
1.0,Truck,Truck is stationary with UAV(s) on board,6232.68938557,43.0,6273.16296366,43.0,Idle for  40 seconds,Idle
1.0,Truck,Truck is stationary with UAV(s) on board,6273.16296366,43.0,6303.16296366,43.0,Retrieving UAV 2,UAV Recovery
1.0,Truck,Truck is stationary with UAV(s) on board,6303.16296366,43.0,6363.16296366,43.0,Launching UAV 2,UAV Launch
1.0,Truck,Truck is stationary with UAV(s) on board,6363.16296366,43.0,6423.16296366,43.0,Launching UAV 3,UAV Launch
1.0,Truck,Truck travels with no UAVs on board,6423.16296366,43.0,6718.34384866,36.0,Travel from node 43 to node 36,Traveling
1.0,Truck,Truck is stationary with no UAVs on board,6718.34384866,36.0,6748.34384866,36.0,Retrieving UAV 4,UAV Recovery
1.0,Truck,Truck is stationary with no UAVs on board,6748.34384866,36.0,6778.34384866,36.0,Retrieving UAV 5,UAV Recovery
1.0,Truck,Truck is stationary with no UAVs on board,6778.34384866,36.0,6808.34384866,36.0,Dropping off package to Customer 36,Making Delivery
1.0,Truck,Truck is stationary with no UAVs on board,6808.34384866,36.0,6825.70015744,36.0,Idle for  17 seconds,Idle
1.0,Truck,Truck is stationary with no UAVs on board,6825.70015744,36.0,6855.70015744,36.0,Retrieving UAV 2,UAV Recovery
1.0,Truck,Truck is stationary with no UAVs on board,6855.70015744,36.0,6885.70015744,36.0,Retrieving UAV 3,UAV Recovery
1.0,Truck,Truck is stationary with no UAVs on board,6885.70015744,36.0,6945.70015744,36.0,Launching UAV 2,UAV Launch
1.0,Truck,Truck travels with UAV(s) on board,6945.70015744,36.0,7379.31251644,22.0,Travel from node 36 to node 22,Traveling
1.0,Truck,Truck is stationary with UAV(s) on board,7379.31251644,22.0,7409.31251644,22.0,Dropping off package to Customer 22,Making Delivery
1.0,Truck,Truck is stationary with UAV(s) on board,7409.31251644,22.0,7425.33118235,22.0,Idle for  16 seconds,Idle
1.0,Truck,Truck is stationary with UAV(s) on board,7425.33118235,22.0,7455.33118235,22.0,Retrieving UAV 2,UAV Recovery
1.0,Truck,Truck travels with UAV(s) on board,7455.33118235,22.0,8532.07016435,27.0,Travel from node 22 to node 27,Traveling
1.0,Truck,Truck is stationary with UAV(s) on board,8532.07016435,27.0,8562.07016435,27.0,Dropping off package to Customer 27,Making Delivery
1.0,Truck,Truck travels with UAV(s) on board,8562.07016435,27.0,9445.68698735,12.0,Travel from node 27 to node 12,Traveling
1.0,Truck,Truck is stationary with UAV(s) on board,9445.68698735,12.0,9475.68698735,12.0,Dropping off package to Customer 12,Making Delivery
1.0,Truck,Truck is stationary with UAV(s) on board,9475.68698735,12.0,9535.68698735,12.0,Launching UAV 5,UAV Launch
1.0,Truck,Truck is stationary with UAV(s) on board,9535.68698735,12.0,9595.68698735,12.0,Launching UAV 4,UAV Launch
1.0,Truck,Truck is stationary with UAV(s) on board,9595.68698735,12.0,9655.68698735,12.0,Launching UAV 2,UAV Launch
1.0,Truck,Truck is stationary with UAV(s) on board,9655.68698735,12.0,9715.68698735,12.0,Launching UAV 3,UAV Launch
1.0,Truck,Truck travels with no UAVs on board,9715.68698735,12.0,10010.0682203,19.0,Travel from node 12 to node 19,Traveling
1.0,Truck,Truck is stationary with no UAVs on board,10010.0682203,19.0,10040.0682203,19.0,Retrieving UAV 3,UAV Recovery
1.0,Truck,Truck is stationary with no UAVs on board,10040.0682203,19.0,10070.0682203,19.0,Retrieving UAV 5,UAV Recovery
1.0,Truck,Truck is stationary with no UAVs on board,10070.0682203,19.0,10100.0682203,19.0,Retrieving UAV 4,UAV Recovery
1.0,Truck,Truck is stationary with no UAVs on board,10100.0682203,19.0,10130.0682203,19.0,Retrieving UAV 2,UAV Recovery
1.0,Truck,Truck is stationary with no UAVs on board,10130.0682203,19.0,10160.0682203,19.0,Dropping off package to Customer 19,Making Delivery
1.0,Truck,Truck is stationary with no UAVs on board,10160.0682203,19.0,10220.0682203,19.0,Launching UAV 2,UAV Launch
1.0,Truck,Truck travels with UAV(s) on board,10220.0682203,19.0,10642.1315653,49.0,Travel from node 19 to node 49,Traveling
1.0,Truck,Truck is stationary with UAV(s) on board,10642.1315653,49.0,10672.1315653,49.0,Dropping off package to Customer 49,Making Delivery
1.0,Truck,Truck is stationary with UAV(s) on board,10672.1315653,49.0,10732.1315653,49.0,Launching UAV 5,UAV Launch
1.0,Truck,Truck is stationary with UAV(s) on board,10732.1315653,49.0,10762.1315653,49.0,Retrieving UAV 2,UAV Recovery
1.0,Truck,Truck is stationary with UAV(s) on board,10762.1315653,49.0,10822.1315653,49.0,Launching UAV 2,UAV Launch
1.0,Truck,Truck is stationary with UAV(s) on board,10822.1315653,49.0,10882.1315653,49.0,Launching UAV 3,UAV Launch
1.0,Truck,Truck is stationary with UAV(s) on board,10882.1315653,49.0,10942.1315653,49.0,Launching UAV 4,UAV Launch
1.0,Truck,Truck travels with no UAVs on board,10942.1315653,49.0,11044.6800133,3.0,Travel from node 49 to node 3,Traveling
1.0,Truck,Truck is stationary with no UAVs on board,11044.6800133,3.0,11074.6800133,3.0,Dropping off package to Customer 3,Making Delivery
1.0,Truck,Truck is stationary with no UAVs on board,11074.6800133,3.0,11138.7185487,3.0,Idle for  64 seconds,Idle
1.0,Truck,Truck is stationary with no UAVs on board,11138.7185487,3.0,11168.7185487,3.0,Retrieving UAV 5,UAV Recovery
1.0,Truck,Truck is stationary with no UAVs on board,11168.7185487,3.0,11240.1697246,3.0,Idle for  71 seconds,Idle
1.0,Truck,Truck is stationary with no UAVs on board,11240.1697246,3.0,11270.1697246,3.0,Retrieving UAV 2,UAV Recovery
1.0,Truck,Truck is stationary with no UAVs on board,11270.1697246,3.0,11300.1697246,3.0,Retrieving UAV 4,UAV Recovery
1.0,Truck,Truck is stationary with no UAVs on board,11300.1697246,3.0,11330.1697246,3.0,Retrieving UAV 3,UAV Recovery
1.0,Truck,Truck travels with UAV(s) on board,11330.1697246,3.0,11764.8842806,32.0,Travel from node 3 to node 32,Traveling
1.0,Truck,Truck is stationary with UAV(s) on board,11764.8842806,32.0,11794.8842806,32.0,Dropping off package to Customer 32,Making Delivery
1.0,Truck,Truck is stationary with UAV(s) on board,11794.8842806,32.0,11854.8842806,32.0,Launching UAV 2,UAV Launch
1.0,Truck,Truck travels with UAV(s) on board,11854.8842806,32.0,11978.6871736,41.0,Travel from node 32 to node 41,Traveling
1.0,Truck,Truck is stationary with UAV(s) on board,11978.6871736,41.0,12008.6871736,41.0,Dropping off package to Customer 41,Making Delivery
1.0,Truck,Truck travels with UAV(s) on board,12008.6871736,41.0,12111.5949606,51.0,Travel from node 41 to node 51,Traveling
1.0,Truck,Truck is stationary with UAV(s) on board,12111.5949606,51.0,12141.5949606,51.0,Retrieving UAV 2,UAV Recovery
1.0,Truck,Truck is stationary with UAV(s) on board,12141.5949606,51.0,-1.0,51.0,At the Depot.  Total Time = 3:22:21,Vehicle Tasks Complete
2.0,UAV,UAV is stationary with a parcel,973.445871,13.0,1033.445871,13.0,Prepare to launch from truck,UAV Launch
2.0,UAV,UAV taking off or landing with a parcel,1033.445871,13.0,1038.945871,13.0,Takeoff from truck at Customer 13,Traveling
2.0,UAV,UAV travels with parcel,1038.945871,13.0,1270.68851968,4.0,Fly to UAV customer 4,Traveling
2.0,UAV,UAV taking off or landing with a parcel,1270.68851968,4.0,1280.68851968,4.0,Land at UAV customer 4,Traveling
2.0,UAV,UAV is stationary with a parcel,1280.68851968,4.0,1340.68851968,4.0,Serving UAV customer 4,Making Delivery
2.0,UAV,UAV taking off or landing with no parcels,1340.68851968,4.0,1346.18851968,4.0,Takeoff from UAV customer 4,Traveling
2.0,UAV,UAV travels empty,1346.18851968,4.0,1382.93816168,33.0,Fly to truck at customer 33,Traveling
2.0,UAV,UAV is stationary without a parcel,1382.93816168,33.0,1791.980351,33.0,Idle above rendezvous location (customer 33),Idle
2.0,UAV,UAV taking off or landing with no parcels,1791.980351,33.0,1801.980351,33.0,Land at truck rendezvous location (customer 33),Traveling
2.0,UAV,UAV is stationary without a parcel,1801.980351,33.0,1831.980351,33.0,Recovered by truck at customer 33,UAV Recovery
2.0,UAV,UAV is stationary with a parcel,1861.980351,33.0,1921.980351,33.0,Prepare to launch from truck,UAV Launch
2.0,UAV,UAV taking off or landing with a parcel,1921.980351,33.0,1927.480351,33.0,Takeoff from truck at Customer 33,Traveling
2.0,UAV,UAV travels with parcel,1927.480351,33.0,2074.65142388,11.0,Fly to UAV customer 11,Traveling
2.0,UAV,UAV taking off or landing with a parcel,2074.65142388,11.0,2084.65142388,11.0,Land at UAV customer 11,Traveling
2.0,UAV,UAV is stationary with a parcel,2084.65142388,11.0,2144.65142388,11.0,Serving UAV customer 11,Making Delivery
2.0,UAV,UAV taking off or landing with no parcels,2144.65142388,11.0,2150.15142388,11.0,Takeoff from UAV customer 11,Traveling
2.0,UAV,UAV travels empty,2150.15142388,11.0,2351.83291657,14.0,Fly to truck at customer 14,Traveling
2.0,UAV,UAV taking off or landing with no parcels,2351.83291657,14.0,2361.83291657,14.0,Land at truck rendezvous location (customer 14),Traveling
2.0,UAV,UAV is stationary without a parcel,2361.83291657,14.0,2391.83291657,14.0,Recovered by truck at customer 14,UAV Recovery
2.0,UAV,UAV is stationary with a parcel,2391.83291657,14.0,2451.83291657,14.0,Prepare to launch from truck,UAV Launch
2.0,UAV,UAV taking off or landing with a parcel,2451.83291657,14.0,2457.33291657,14.0,Takeoff from truck at Customer 14,Traveling
2.0,UAV,UAV travels with parcel,2457.33291657,14.0,2526.86291266,18.0,Fly to UAV customer 18,Traveling
2.0,UAV,UAV taking off or landing with a parcel,2526.86291266,18.0,2536.86291266,18.0,Land at UAV customer 18,Traveling
2.0,UAV,UAV is stationary with a parcel,2536.86291266,18.0,2596.86291266,18.0,Serving UAV customer 18,Making Delivery
2.0,UAV,UAV taking off or landing with no parcels,2596.86291266,18.0,2602.36291266,18.0,Takeoff from UAV customer 18,Traveling
2.0,UAV,UAV travels empty,2602.36291266,18.0,2733.55240835,17.0,Fly to truck at customer 17,Traveling
2.0,UAV,UAV is stationary without a parcel,2733.55240835,17.0,2737.46031757,17.0,Idle above rendezvous location (customer 17),Idle
2.0,UAV,UAV taking off or landing with no parcels,2737.46031757,17.0,2747.46031757,17.0,Land at truck rendezvous location (customer 17),Traveling
2.0,UAV,UAV is stationary without a parcel,2747.46031757,17.0,2777.46031757,17.0,Recovered by truck at customer 17,UAV Recovery
2.0,UAV,UAV is stationary with a parcel,4023.77727457,8.0,4083.77727457,8.0,Prepare to launch from truck,UAV Launch
2.0,UAV,UAV taking off or landing with a parcel,4083.77727457,8.0,4089.27727457,8.0,Takeoff from truck at Customer 8,Traveling
2.0,UAV,UAV travels with parcel,4089.27727457,8.0,4307.96309198,15.0,Fly to UAV customer 15,Traveling
2.0,UAV,UAV taking off or landing with a parcel,4307.96309198,15.0,4317.96309198,15.0,Land at UAV customer 15,Traveling
2.0,UAV,UAV is stationary with a parcel,4317.96309198,15.0,4377.96309198,15.0,Serving UAV customer 15,Making Delivery
2.0,UAV,UAV taking off or landing with no parcels,4377.96309198,15.0,4383.46309198,15.0,Takeoff from UAV customer 15,Traveling
2.0,UAV,UAV travels empty,4383.46309198,15.0,4546.99728972,46.0,Fly to truck at customer 46,Traveling
2.0,UAV,UAV is stationary without a parcel,4546.99728972,46.0,4549.55134657,46.0,Idle above rendezvous location (customer 46),Idle
2.0,UAV,UAV taking off or landing with no parcels,4549.55134657,46.0,4559.55134657,46.0,Land at truck rendezvous location (customer 46),Traveling
2.0,UAV,UAV is stationary without a parcel,4559.55134657,46.0,4589.55134657,46.0,Recovered by truck at customer 46,UAV Recovery
2.0,UAV,UAV is stationary with a parcel,4619.55134657,46.0,4679.55134657,46.0,Prepare to launch from truck,UAV Launch
2.0,UAV,UAV taking off or landing with a parcel,4679.55134657,46.0,4685.05134657,46.0,Takeoff from truck at Customer 46,Traveling
2.0,UAV,UAV travels with parcel,4685.05134657,46.0,4746.79274639,29.0,Fly to UAV customer 29,Traveling
2.0,UAV,UAV taking off or landing with a parcel,4746.79274639,29.0,4756.79274639,29.0,Land at UAV customer 29,Traveling
2.0,UAV,UAV is stationary with a parcel,4756.79274639,29.0,4816.79274639,29.0,Serving UAV customer 29,Making Delivery
2.0,UAV,UAV taking off or landing with no parcels,4816.79274639,29.0,4822.29274639,29.0,Takeoff from UAV customer 29,Traveling
2.0,UAV,UAV travels empty,4822.29274639,29.0,4938.00124049,30.0,Fly to truck at customer 30,Traveling
2.0,UAV,UAV is stationary without a parcel,4938.00124049,30.0,4948.51534357,30.0,Idle above rendezvous location (customer 30),Idle
2.0,UAV,UAV taking off or landing with no parcels,4948.51534357,30.0,4958.51534357,30.0,Land at truck rendezvous location (customer 30),Traveling
2.0,UAV,UAV is stationary without a parcel,4958.51534357,30.0,4988.51534357,30.0,Recovered by truck at customer 30,UAV Recovery
2.0,UAV,UAV is stationary with a parcel,5731.37118957,23.0,5791.37118957,23.0,Prepare to launch from truck,UAV Launch
2.0,UAV,UAV taking off or landing with a parcel,5791.37118957,23.0,5796.87118957,23.0,Takeoff from truck at Customer 23,Traveling
2.0,UAV,UAV travels with parcel,5796.87118957,23.0,6019.64964817,37.0,Fly to UAV customer 37,Traveling
2.0,UAV,UAV taking off or landing with a parcel,6019.64964817,37.0,6029.64964817,37.0,Land at UAV customer 37,Traveling
2.0,UAV,UAV is stationary with a parcel,6029.64964817,37.0,6089.64964817,37.0,Serving UAV customer 37,Making Delivery
2.0,UAV,UAV taking off or landing with no parcels,6089.64964817,37.0,6095.14964817,37.0,Takeoff from UAV customer 37,Traveling
2.0,UAV,UAV travels empty,6095.14964817,37.0,6263.16296366,43.0,Fly to truck at customer 43,Traveling
2.0,UAV,UAV taking off or landing with no parcels,6263.16296366,43.0,6273.16296366,43.0,Land at truck rendezvous location (customer 43),Traveling
2.0,UAV,UAV is stationary without a parcel,6273.16296366,43.0,6303.16296366,43.0,Recovered by truck at customer 43,UAV Recovery
2.0,UAV,UAV is stationary with a parcel,6303.16296366,43.0,6363.16296366,43.0,Prepare to launch from truck,UAV Launch
2.0,UAV,UAV taking off or landing with a parcel,6363.16296366,43.0,6368.66296366,43.0,Takeoff from truck at Customer 43,Traveling
2.0,UAV,UAV travels with parcel,6368.66296366,43.0,6583.87681824,25.0,Fly to UAV customer 25,Traveling
2.0,UAV,UAV taking off or landing with a parcel,6583.87681824,25.0,6593.87681824,25.0,Land at UAV customer 25,Traveling
2.0,UAV,UAV is stationary with a parcel,6593.87681824,25.0,6653.87681824,25.0,Serving UAV customer 25,Making Delivery
2.0,UAV,UAV taking off or landing with no parcels,6653.87681824,25.0,6659.37681824,25.0,Takeoff from UAV customer 25,Traveling
2.0,UAV,UAV travels empty,6659.37681824,25.0,6815.70015744,36.0,Fly to truck at customer 36,Traveling
2.0,UAV,UAV taking off or landing with no parcels,6815.70015744,36.0,6825.70015744,36.0,Land at truck rendezvous location (customer 36),Traveling
2.0,UAV,UAV is stationary without a parcel,6825.70015744,36.0,6855.70015744,36.0,Recovered by truck at customer 36,UAV Recovery
2.0,UAV,UAV is stationary with a parcel,6885.70015744,36.0,6945.70015744,36.0,Prepare to launch from truck,UAV Launch
2.0,UAV,UAV taking off or landing with a parcel,6945.70015744,36.0,6951.20015744,36.0,Takeoff from truck at Customer 36,Traveling
2.0,UAV,UAV travels with parcel,6951.20015744,36.0,7130.3058221,44.0,Fly to UAV customer 44,Traveling
2.0,UAV,UAV taking off or landing with a parcel,7130.3058221,44.0,7140.3058221,44.0,Land at UAV customer 44,Traveling
2.0,UAV,UAV is stationary with a parcel,7140.3058221,44.0,7200.3058221,44.0,Serving UAV customer 44,Making Delivery
2.0,UAV,UAV taking off or landing with no parcels,7200.3058221,44.0,7205.8058221,44.0,Takeoff from UAV customer 44,Traveling
2.0,UAV,UAV travels empty,7205.8058221,44.0,7415.33118235,22.0,Fly to truck at customer 22,Traveling
2.0,UAV,UAV taking off or landing with no parcels,7415.33118235,22.0,7425.33118235,22.0,Land at truck rendezvous location (customer 22),Traveling
2.0,UAV,UAV is stationary without a parcel,7425.33118235,22.0,7455.33118235,22.0,Recovered by truck at customer 22,UAV Recovery
2.0,UAV,UAV is stationary with a parcel,9595.68698735,12.0,9655.68698735,12.0,Prepare to launch from truck,UAV Launch
2.0,UAV,UAV taking off or landing with a parcel,9655.68698735,12.0,9661.18698735,12.0,Takeoff from truck at Customer 12,Traveling
2.0,UAV,UAV travels with parcel,9661.18698735,12.0,9774.18237686,35.0,Fly to UAV customer 35,Traveling
2.0,UAV,UAV taking off or landing with a parcel,9774.18237686,35.0,9784.18237686,35.0,Land at UAV customer 35,Traveling
2.0,UAV,UAV is stationary with a parcel,9784.18237686,35.0,9844.18237686,35.0,Serving UAV customer 35,Making Delivery
2.0,UAV,UAV taking off or landing with no parcels,9844.18237686,35.0,9849.68237686,35.0,Takeoff from UAV customer 35,Traveling
2.0,UAV,UAV travels empty,9849.68237686,35.0,10065.4266295,19.0,Fly to truck at customer 19,Traveling
2.0,UAV,UAV is stationary without a parcel,10065.4266295,19.0,10090.0682203,19.0,Idle above rendezvous location (customer 19),Idle
2.0,UAV,UAV taking off or landing with no parcels,10090.0682203,19.0,10100.0682203,19.0,Land at truck rendezvous location (customer 19),Traveling
2.0,UAV,UAV is stationary without a parcel,10100.0682203,19.0,10130.0682203,19.0,Recovered by truck at customer 19,UAV Recovery
2.0,UAV,UAV is stationary with a parcel,10160.0682203,19.0,10220.0682203,19.0,Prepare to launch from truck,UAV Launch
2.0,UAV,UAV taking off or landing with a parcel,10220.0682203,19.0,10225.5682203,19.0,Takeoff from truck at Customer 19,Traveling
2.0,UAV,UAV travels with parcel,10225.5682203,19.0,10456.4508154,40.0,Fly to UAV customer 40,Traveling
2.0,UAV,UAV taking off or landing with a parcel,10456.4508154,40.0,10466.4508154,40.0,Land at UAV customer 40,Traveling
2.0,UAV,UAV is stationary with a parcel,10466.4508154,40.0,10526.4508154,40.0,Serving UAV customer 40,Making Delivery
2.0,UAV,UAV taking off or landing with no parcels,10526.4508154,40.0,10531.9508154,40.0,Takeoff from UAV customer 40,Traveling
2.0,UAV,UAV travels empty,10531.9508154,40.0,10674.9981388,49.0,Fly to truck at customer 49,Traveling
2.0,UAV,UAV is stationary without a parcel,10674.9981388,49.0,10722.1315653,49.0,Idle above rendezvous location (customer 49),Idle
2.0,UAV,UAV taking off or landing with no parcels,10722.1315653,49.0,10732.1315653,49.0,Land at truck rendezvous location (customer 49),Traveling
2.0,UAV,UAV is stationary without a parcel,10732.1315653,49.0,10762.1315653,49.0,Recovered by truck at customer 49,UAV Recovery
2.0,UAV,UAV is stationary with a parcel,10762.1315653,49.0,10822.1315653,49.0,Prepare to launch from truck,UAV Launch
2.0,UAV,UAV taking off or landing with a parcel,10822.1315653,49.0,10827.6315653,49.0,Takeoff from truck at Customer 49,Traveling
2.0,UAV,UAV travels with parcel,10827.6315653,49.0,11006.0402986,6.0,Fly to UAV customer 6,Traveling
2.0,UAV,UAV taking off or landing with a parcel,11006.0402986,6.0,11016.0402986,6.0,Land at UAV customer 6,Traveling
2.0,UAV,UAV is stationary with a parcel,11016.0402986,6.0,11076.0402986,6.0,Serving UAV customer 6,Making Delivery
2.0,UAV,UAV taking off or landing with no parcels,11076.0402986,6.0,11081.5402986,6.0,Takeoff from UAV customer 6,Traveling
2.0,UAV,UAV travels empty,11081.5402986,6.0,11230.1697246,3.0,Fly to truck at customer 3,Traveling
2.0,UAV,UAV taking off or landing with no parcels,11230.1697246,3.0,11240.1697246,3.0,Land at truck rendezvous location (customer 3),Traveling
2.0,UAV,UAV is stationary without a parcel,11240.1697246,3.0,11270.1697246,3.0,Recovered by truck at customer 3,UAV Recovery
2.0,UAV,UAV is stationary with a parcel,11794.8842806,32.0,11854.8842806,32.0,Prepare to launch from truck,UAV Launch
2.0,UAV,UAV taking off or landing with a parcel,11854.8842806,32.0,11860.3842806,32.0,Takeoff from truck at Customer 32,Traveling
2.0,UAV,UAV travels with parcel,11860.3842806,32.0,11912.8305649,16.0,Fly to UAV customer 16,Traveling
2.0,UAV,UAV taking off or landing with a parcel,11912.8305649,16.0,11922.8305649,16.0,Land at UAV customer 16,Traveling
2.0,UAV,UAV is stationary with a parcel,11922.8305649,16.0,11982.8305649,16.0,Serving UAV customer 16,Making Delivery
2.0,UAV,UAV taking off or landing with no parcels,11982.8305649,16.0,11988.3305649,16.0,Takeoff from UAV customer 16,Traveling
2.0,UAV,UAV travels empty,11988.3305649,16.0,12080.5813085,51.0,Fly to depot,Traveling
2.0,UAV,UAV is stationary without a parcel,12080.5813085,51.0,12101.5949606,51.0,Idle above depot location,Idle
2.0,UAV,UAV taking off or landing with no parcels,12101.5949606,51.0,12111.5949606,51.0,Land at depot,Traveling
2.0,UAV,UAV is stationary without a parcel,12111.5949606,51.0,12141.5949606,51.0,Recovered at depot,UAV Recovery
3.0,UAV,UAV is stationary with a parcel,913.445871,13.0,973.445871,13.0,Prepare to launch from truck,UAV Launch
3.0,UAV,UAV taking off or landing with a parcel,973.445871,13.0,978.945871,13.0,Takeoff from truck at Customer 13,Traveling
3.0,UAV,UAV travels with parcel,978.945871,13.0,1121.19279166,10.0,Fly to UAV customer 10,Traveling
3.0,UAV,UAV taking off or landing with a parcel,1121.19279166,10.0,1131.19279166,10.0,Land at UAV customer 10,Traveling
3.0,UAV,UAV is stationary with a parcel,1131.19279166,10.0,1191.19279166,10.0,Serving UAV customer 10,Making Delivery
3.0,UAV,UAV taking off or landing with no parcels,1191.19279166,10.0,1196.69279166,10.0,Takeoff from UAV customer 10,Traveling
3.0,UAV,UAV travels empty,1196.69279166,10.0,1377.28059111,33.0,Fly to truck at customer 33,Traveling
3.0,UAV,UAV is stationary without a parcel,1377.28059111,33.0,1761.980351,33.0,Idle above rendezvous location (customer 33),Idle
3.0,UAV,UAV taking off or landing with no parcels,1761.980351,33.0,1771.980351,33.0,Land at truck rendezvous location (customer 33),Traveling
3.0,UAV,UAV is stationary without a parcel,1771.980351,33.0,1801.980351,33.0,Recovered by truck at customer 33,UAV Recovery
3.0,UAV,UAV is stationary with a parcel,2189.77944,14.0,2249.77944,14.0,Prepare to launch from truck,UAV Launch
3.0,UAV,UAV taking off or landing with a parcel,2249.77944,14.0,2255.27944,14.0,Takeoff from truck at Customer 14,Traveling
3.0,UAV,UAV travels with parcel,2255.27944,14.0,2386.71840838,26.0,Fly to UAV customer 26,Traveling
3.0,UAV,UAV taking off or landing with a parcel,2386.71840838,26.0,2396.71840838,26.0,Land at UAV customer 26,Traveling
3.0,UAV,UAV is stationary with a parcel,2396.71840838,26.0,2456.71840838,26.0,Serving UAV customer 26,Making Delivery
3.0,UAV,UAV taking off or landing with no parcels,2456.71840838,26.0,2462.21840838,26.0,Takeoff from UAV customer 26,Traveling
3.0,UAV,UAV travels empty,2462.21840838,26.0,2530.1515329,17.0,Fly to truck at customer 17,Traveling
3.0,UAV,UAV is stationary without a parcel,2530.1515329,17.0,2677.46031757,17.0,Idle above rendezvous location (customer 17),Idle
3.0,UAV,UAV taking off or landing with no parcels,2677.46031757,17.0,2687.46031757,17.0,Land at truck rendezvous location (customer 17),Traveling
3.0,UAV,UAV is stationary without a parcel,2687.46031757,17.0,2717.46031757,17.0,Recovered by truck at customer 17,UAV Recovery
3.0,UAV,UAV is stationary with a parcel,4143.77727457,8.0,4203.77727457,8.0,Prepare to launch from truck,UAV Launch
3.0,UAV,UAV taking off or landing with a parcel,4203.77727457,8.0,4209.27727457,8.0,Takeoff from truck at Customer 8,Traveling
3.0,UAV,UAV travels with parcel,4209.27727457,8.0,4368.09595107,21.0,Fly to UAV customer 21,Traveling
3.0,UAV,UAV taking off or landing with a parcel,4368.09595107,21.0,4378.09595107,21.0,Land at UAV customer 21,Traveling
3.0,UAV,UAV is stationary with a parcel,4378.09595107,21.0,4438.09595107,21.0,Serving UAV customer 21,Making Delivery
3.0,UAV,UAV taking off or landing with no parcels,4438.09595107,21.0,4443.59595107,21.0,Takeoff from UAV customer 21,Traveling
3.0,UAV,UAV travels empty,4443.59595107,21.0,4553.86359855,46.0,Fly to truck at customer 46,Traveling
3.0,UAV,UAV is stationary without a parcel,4553.86359855,46.0,4579.55134657,46.0,Idle above rendezvous location (customer 46),Idle
3.0,UAV,UAV taking off or landing with no parcels,4579.55134657,46.0,4589.55134657,46.0,Land at truck rendezvous location (customer 46),Traveling
3.0,UAV,UAV is stationary without a parcel,4589.55134657,46.0,4619.55134657,46.0,Recovered by truck at customer 46,UAV Recovery
3.0,UAV,UAV is stationary with a parcel,4679.55134657,46.0,4739.55134657,46.0,Prepare to launch from truck,UAV Launch
3.0,UAV,UAV taking off or landing with a parcel,4739.55134657,46.0,4745.05134657,46.0,Takeoff from truck at Customer 46,Traveling
3.0,UAV,UAV travels with parcel,4745.05134657,46.0,4787.04343951,31.0,Fly to UAV customer 31,Traveling
3.0,UAV,UAV taking off or landing with a parcel,4787.04343951,31.0,4797.04343951,31.0,Land at UAV customer 31,Traveling
3.0,UAV,UAV is stationary with a parcel,4797.04343951,31.0,4857.04343951,31.0,Serving UAV customer 31,Making Delivery
3.0,UAV,UAV taking off or landing with no parcels,4857.04343951,31.0,4862.54343951,31.0,Takeoff from UAV customer 31,Traveling
3.0,UAV,UAV travels empty,4862.54343951,31.0,4938.71769011,30.0,Fly to truck at customer 30,Traveling
3.0,UAV,UAV is stationary without a parcel,4938.71769011,30.0,4978.51534357,30.0,Idle above rendezvous location (customer 30),Idle
3.0,UAV,UAV taking off or landing with no parcels,4978.51534357,30.0,4988.51534357,30.0,Land at truck rendezvous location (customer 30),Traveling
3.0,UAV,UAV is stationary without a parcel,4988.51534357,30.0,5018.51534357,30.0,Recovered by truck at customer 30,UAV Recovery
3.0,UAV,UAV is stationary with a parcel,5791.37118957,23.0,5851.37118957,23.0,Prepare to launch from truck,UAV Launch
3.0,UAV,UAV taking off or landing with a parcel,5851.37118957,23.0,5856.87118957,23.0,Takeoff from truck at Customer 23,Traveling
3.0,UAV,UAV travels with parcel,5856.87118957,23.0,5997.6643351,24.0,Fly to UAV customer 24,Traveling
3.0,UAV,UAV taking off or landing with a parcel,5997.6643351,24.0,6007.6643351,24.0,Land at UAV customer 24,Traveling
3.0,UAV,UAV is stationary with a parcel,6007.6643351,24.0,6067.6643351,24.0,Serving UAV customer 24,Making Delivery
3.0,UAV,UAV taking off or landing with no parcels,6067.6643351,24.0,6073.1643351,24.0,Takeoff from UAV customer 24,Traveling
3.0,UAV,UAV travels empty,6073.1643351,24.0,6178.47362599,43.0,Fly to truck at customer 43,Traveling
3.0,UAV,UAV is stationary without a parcel,6178.47362599,43.0,6192.68938557,43.0,Idle above rendezvous location (customer 43),Idle
3.0,UAV,UAV taking off or landing with no parcels,6192.68938557,43.0,6202.68938557,43.0,Land at truck rendezvous location (customer 43),Traveling
3.0,UAV,UAV is stationary without a parcel,6202.68938557,43.0,6232.68938557,43.0,Recovered by truck at customer 43,UAV Recovery
3.0,UAV,UAV is stationary with a parcel,6363.16296366,43.0,6423.16296366,43.0,Prepare to launch from truck,UAV Launch
3.0,UAV,UAV taking off or landing with a parcel,6423.16296366,43.0,6428.66296366,43.0,Takeoff from truck at Customer 43,Traveling
3.0,UAV,UAV travels with parcel,6428.66296366,43.0,6617.9100068,45.0,Fly to UAV customer 45,Traveling
3.0,UAV,UAV taking off or landing with a parcel,6617.9100068,45.0,6627.9100068,45.0,Land at UAV customer 45,Traveling
3.0,UAV,UAV is stationary with a parcel,6627.9100068,45.0,6687.9100068,45.0,Serving UAV customer 45,Making Delivery
3.0,UAV,UAV taking off or landing with no parcels,6687.9100068,45.0,6693.4100068,45.0,Takeoff from UAV customer 45,Traveling
3.0,UAV,UAV travels empty,6693.4100068,45.0,6824.06606042,36.0,Fly to truck at customer 36,Traveling
3.0,UAV,UAV is stationary without a parcel,6824.06606042,36.0,6845.70015744,36.0,Idle above rendezvous location (customer 36),Idle
3.0,UAV,UAV taking off or landing with no parcels,6845.70015744,36.0,6855.70015744,36.0,Land at truck rendezvous location (customer 36),Traveling
3.0,UAV,UAV is stationary without a parcel,6855.70015744,36.0,6885.70015744,36.0,Recovered by truck at customer 36,UAV Recovery
3.0,UAV,UAV is stationary with a parcel,9655.68698735,12.0,9715.68698735,12.0,Prepare to launch from truck,UAV Launch
3.0,UAV,UAV taking off or landing with a parcel,9715.68698735,12.0,9721.18698735,12.0,Takeoff from truck at Customer 12,Traveling
3.0,UAV,UAV travels with parcel,9721.18698735,12.0,9843.49191672,47.0,Fly to UAV customer 47,Traveling
3.0,UAV,UAV taking off or landing with a parcel,9843.49191672,47.0,9853.49191672,47.0,Land at UAV customer 47,Traveling
3.0,UAV,UAV is stationary with a parcel,9853.49191672,47.0,9913.49191672,47.0,Serving UAV customer 47,Making Delivery
3.0,UAV,UAV taking off or landing with no parcels,9913.49191672,47.0,9918.99191672,47.0,Takeoff from UAV customer 47,Traveling
3.0,UAV,UAV travels empty,9918.99191672,47.0,9949.78813605,19.0,Fly to truck at customer 19,Traveling
3.0,UAV,UAV is stationary without a parcel,9949.78813605,19.0,10000.0682203,19.0,Idle above rendezvous location (customer 19),Idle
3.0,UAV,UAV taking off or landing with no parcels,10000.0682203,19.0,10010.0682203,19.0,Land at truck rendezvous location (customer 19),Traveling
3.0,UAV,UAV is stationary without a parcel,10010.0682203,19.0,10040.0682203,19.0,Recovered by truck at customer 19,UAV Recovery
3.0,UAV,UAV is stationary with a parcel,10822.1315653,49.0,10882.1315653,49.0,Prepare to launch from truck,UAV Launch
3.0,UAV,UAV taking off or landing with a parcel,10882.1315653,49.0,10887.6315653,49.0,Takeoff from truck at Customer 49,Traveling
3.0,UAV,UAV travels with parcel,10887.6315653,49.0,11062.0257966,9.0,Fly to UAV customer 9,Traveling
3.0,UAV,UAV taking off or landing with a parcel,11062.0257966,9.0,11072.0257966,9.0,Land at UAV customer 9,Traveling
3.0,UAV,UAV is stationary with a parcel,11072.0257966,9.0,11132.0257966,9.0,Serving UAV customer 9,Making Delivery
3.0,UAV,UAV taking off or landing with no parcels,11132.0257966,9.0,11137.5257966,9.0,Takeoff from UAV customer 9,Traveling
3.0,UAV,UAV travels empty,11137.5257966,9.0,11274.2444386,3.0,Fly to truck at customer 3,Traveling
3.0,UAV,UAV is stationary without a parcel,11274.2444386,3.0,11290.1697246,3.0,Idle above rendezvous location (customer 3),Idle
3.0,UAV,UAV taking off or landing with no parcels,11290.1697246,3.0,11300.1697246,3.0,Land at truck rendezvous location (customer 3),Traveling
3.0,UAV,UAV is stationary without a parcel,11300.1697246,3.0,11330.1697246,3.0,Recovered by truck at customer 3,UAV Recovery
4.0,UAV,UAV is stationary with a parcel,4083.77727457,8.0,4143.77727457,8.0,Prepare to launch from truck,UAV Launch
4.0,UAV,UAV taking off or landing with a parcel,4143.77727457,8.0,4149.27727457,8.0,Takeoff from truck at Customer 8,Traveling
4.0,UAV,UAV travels with parcel,4149.27727457,8.0,4271.15884074,50.0,Fly to UAV customer 50,Traveling
4.0,UAV,UAV taking off or landing with a parcel,4271.15884074,50.0,4281.15884074,50.0,Land at UAV customer 50,Traveling
4.0,UAV,UAV is stationary with a parcel,4281.15884074,50.0,4341.15884074,50.0,Serving UAV customer 50,Making Delivery
4.0,UAV,UAV taking off or landing with no parcels,4341.15884074,50.0,4346.65884074,50.0,Takeoff from UAV customer 50,Traveling
4.0,UAV,UAV travels empty,4346.65884074,50.0,4523.58511002,30.0,Fly to truck at customer 30,Traveling
4.0,UAV,UAV is stationary without a parcel,4523.58511002,30.0,4888.51534357,30.0,Idle above rendezvous location (customer 30),Idle
4.0,UAV,UAV taking off or landing with no parcels,4888.51534357,30.0,4898.51534357,30.0,Land at truck rendezvous location (customer 30),Traveling
4.0,UAV,UAV is stationary without a parcel,4898.51534357,30.0,4928.51534357,30.0,Recovered by truck at customer 30,UAV Recovery
4.0,UAV,UAV is stationary with a parcel,6082.68938557,43.0,6142.68938557,43.0,Prepare to launch from truck,UAV Launch
4.0,UAV,UAV taking off or landing with a parcel,6142.68938557,43.0,6148.18938557,43.0,Takeoff from truck at Customer 43,Traveling
4.0,UAV,UAV travels with parcel,6148.18938557,43.0,6253.55125785,34.0,Fly to UAV customer 34,Traveling
4.0,UAV,UAV taking off or landing with a parcel,6253.55125785,34.0,6263.55125785,34.0,Land at UAV customer 34,Traveling
4.0,UAV,UAV is stationary with a parcel,6263.55125785,34.0,6323.55125785,34.0,Serving UAV customer 34,Making Delivery
4.0,UAV,UAV taking off or landing with no parcels,6323.55125785,34.0,6329.05125785,34.0,Takeoff from UAV customer 34,Traveling
4.0,UAV,UAV travels empty,6329.05125785,34.0,6501.61277412,36.0,Fly to truck at customer 36,Traveling
4.0,UAV,UAV is stationary without a parcel,6501.61277412,36.0,6708.34384866,36.0,Idle above rendezvous location (customer 36),Idle
4.0,UAV,UAV taking off or landing with no parcels,6708.34384866,36.0,6718.34384866,36.0,Land at truck rendezvous location (customer 36),Traveling
4.0,UAV,UAV is stationary without a parcel,6718.34384866,36.0,6748.34384866,36.0,Recovered by truck at customer 36,UAV Recovery
4.0,UAV,UAV is stationary with a parcel,9535.68698735,12.0,9595.68698735,12.0,Prepare to launch from truck,UAV Launch
4.0,UAV,UAV taking off or landing with a parcel,9595.68698735,12.0,9601.18698735,12.0,Takeoff from truck at Customer 12,Traveling
4.0,UAV,UAV travels with parcel,9601.18698735,12.0,9819.60731848,39.0,Fly to UAV customer 39,Traveling
4.0,UAV,UAV taking off or landing with a parcel,9819.60731848,39.0,9829.60731848,39.0,Land at UAV customer 39,Traveling
4.0,UAV,UAV is stationary with a parcel,9829.60731848,39.0,9889.60731848,39.0,Serving UAV customer 39,Making Delivery
4.0,UAV,UAV taking off or landing with no parcels,9889.60731848,39.0,9895.10731848,39.0,Takeoff from UAV customer 39,Traveling
4.0,UAV,UAV travels empty,9895.10731848,39.0,10013.9689458,19.0,Fly to truck at customer 19,Traveling
4.0,UAV,UAV is stationary without a parcel,10013.9689458,19.0,10060.0682203,19.0,Idle above rendezvous location (customer 19),Idle
4.0,UAV,UAV taking off or landing with no parcels,10060.0682203,19.0,10070.0682203,19.0,Land at truck rendezvous location (customer 19),Traveling
4.0,UAV,UAV is stationary without a parcel,10070.0682203,19.0,10100.0682203,19.0,Recovered by truck at customer 19,UAV Recovery
4.0,UAV,UAV is stationary with a parcel,10882.1315653,49.0,10942.1315653,49.0,Prepare to launch from truck,UAV Launch
4.0,UAV,UAV taking off or landing with a parcel,10942.1315653,49.0,10947.6315653,49.0,Takeoff from truck at Customer 49,Traveling
4.0,UAV,UAV travels with parcel,10947.6315653,49.0,11072.7822577,2.0,Fly to UAV customer 2,Traveling
4.0,UAV,UAV taking off or landing with a parcel,11072.7822577,2.0,11082.7822577,2.0,Land at UAV customer 2,Traveling
4.0,UAV,UAV is stationary with a parcel,11082.7822577,2.0,11142.7822577,2.0,Serving UAV customer 2,Making Delivery
4.0,UAV,UAV taking off or landing with no parcels,11142.7822577,2.0,11148.2822577,2.0,Takeoff from UAV customer 2,Traveling
4.0,UAV,UAV travels empty,11148.2822577,2.0,11243.7896187,3.0,Fly to truck at customer 3,Traveling
4.0,UAV,UAV is stationary without a parcel,11243.7896187,3.0,11260.1697246,3.0,Idle above rendezvous location (customer 3),Idle
4.0,UAV,UAV taking off or landing with no parcels,11260.1697246,3.0,11270.1697246,3.0,Land at truck rendezvous location (customer 3),Traveling
4.0,UAV,UAV is stationary without a parcel,11270.1697246,3.0,11300.1697246,3.0,Recovered by truck at customer 3,UAV Recovery
5.0,UAV,UAV is stationary with a parcel,4499.55134657,46.0,4559.55134657,46.0,Prepare to launch from truck,UAV Launch
5.0,UAV,UAV taking off or landing with a parcel,4559.55134657,46.0,4565.05134657,46.0,Takeoff from truck at Customer 46,Traveling
5.0,UAV,UAV travels with parcel,4565.05134657,46.0,4672.29760376,5.0,Fly to UAV customer 5,Traveling
5.0,UAV,UAV taking off or landing with a parcel,4672.29760376,5.0,4682.29760376,5.0,Land at UAV customer 5,Traveling
5.0,UAV,UAV is stationary with a parcel,4682.29760376,5.0,4742.29760376,5.0,Serving UAV customer 5,Making Delivery
5.0,UAV,UAV taking off or landing with no parcels,4742.29760376,5.0,4747.79760376,5.0,Takeoff from UAV customer 5,Traveling
5.0,UAV,UAV travels empty,4747.79760376,5.0,4837.7451676,30.0,Fly to truck at customer 30,Traveling
5.0,UAV,UAV is stationary without a parcel,4837.7451676,30.0,4918.51534357,30.0,Idle above rendezvous location (customer 30),Idle
5.0,UAV,UAV taking off or landing with no parcels,4918.51534357,30.0,4928.51534357,30.0,Land at truck rendezvous location (customer 30),Traveling
5.0,UAV,UAV is stationary without a parcel,4928.51534357,30.0,4958.51534357,30.0,Recovered by truck at customer 30,UAV Recovery
5.0,UAV,UAV is stationary with a parcel,6142.68938557,43.0,6202.68938557,43.0,Prepare to launch from truck,UAV Launch
5.0,UAV,UAV taking off or landing with a parcel,6202.68938557,43.0,6208.18938557,43.0,Takeoff from truck at Customer 43,Traveling
5.0,UAV,UAV travels with parcel,6208.18938557,43.0,6309.65691435,1.0,Fly to UAV customer 1,Traveling
5.0,UAV,UAV taking off or landing with a parcel,6309.65691435,1.0,6319.65691435,1.0,Land at UAV customer 1,Traveling
5.0,UAV,UAV is stationary with a parcel,6319.65691435,1.0,6379.65691435,1.0,Serving UAV customer 1,Making Delivery
5.0,UAV,UAV taking off or landing with no parcels,6379.65691435,1.0,6385.15691435,1.0,Takeoff from UAV customer 1,Traveling
5.0,UAV,UAV travels empty,6385.15691435,1.0,6527.17803289,36.0,Fly to truck at customer 36,Traveling
5.0,UAV,UAV is stationary without a parcel,6527.17803289,36.0,6738.34384866,36.0,Idle above rendezvous location (customer 36),Idle
5.0,UAV,UAV taking off or landing with no parcels,6738.34384866,36.0,6748.34384866,36.0,Land at truck rendezvous location (customer 36),Traveling
5.0,UAV,UAV is stationary without a parcel,6748.34384866,36.0,6778.34384866,36.0,Recovered by truck at customer 36,UAV Recovery
5.0,UAV,UAV is stationary with a parcel,9475.68698735,12.0,9535.68698735,12.0,Prepare to launch from truck,UAV Launch
5.0,UAV,UAV taking off or landing with a parcel,9535.68698735,12.0,9541.18698735,12.0,Takeoff from truck at Customer 12,Traveling
5.0,UAV,UAV travels with parcel,9541.18698735,12.0,9730.91974567,7.0,Fly to UAV customer 7,Traveling
5.0,UAV,UAV taking off or landing with a parcel,9730.91974567,7.0,9740.91974567,7.0,Land at UAV customer 7,Traveling
5.0,UAV,UAV is stationary with a parcel,9740.91974567,7.0,9800.91974567,7.0,Serving UAV customer 7,Making Delivery
5.0,UAV,UAV taking off or landing with no parcels,9800.91974567,7.0,9806.41974567,7.0,Takeoff from UAV customer 7,Traveling
5.0,UAV,UAV travels empty,9806.41974567,7.0,9961.86418717,19.0,Fly to truck at customer 19,Traveling
5.0,UAV,UAV is stationary without a parcel,9961.86418717,19.0,10030.0682203,19.0,Idle above rendezvous location (customer 19),Idle
5.0,UAV,UAV taking off or landing with no parcels,10030.0682203,19.0,10040.0682203,19.0,Land at truck rendezvous location (customer 19),Traveling
5.0,UAV,UAV is stationary without a parcel,10040.0682203,19.0,10070.0682203,19.0,Recovered by truck at customer 19,UAV Recovery
5.0,UAV,UAV is stationary with a parcel,10672.1315653,49.0,10732.1315653,49.0,Prepare to launch from truck,UAV Launch
5.0,UAV,UAV taking off or landing with a parcel,10732.1315653,49.0,10737.6315653,49.0,Takeoff from truck at Customer 49,Traveling
5.0,UAV,UAV travels with parcel,10737.6315653,49.0,10914.7795735,48.0,Fly to UAV customer 48,Traveling
5.0,UAV,UAV taking off or landing with a parcel,10914.7795735,48.0,10924.7795735,48.0,Land at UAV customer 48,Traveling
5.0,UAV,UAV is stationary with a parcel,10924.7795735,48.0,10984.7795735,48.0,Serving UAV customer 48,Making Delivery
5.0,UAV,UAV taking off or landing with no parcels,10984.7795735,48.0,10990.2795735,48.0,Takeoff from UAV customer 48,Traveling
5.0,UAV,UAV travels empty,10990.2795735,48.0,11128.7185487,3.0,Fly to truck at customer 3,Traveling
5.0,UAV,UAV taking off or landing with no parcels,11128.7185487,3.0,11138.7185487,3.0,Land at truck rendezvous location (customer 3),Traveling
5.0,UAV,UAV is stationary without a parcel,11138.7185487,3.0,11168.7185487,3.0,Recovered by truck at customer 3,UAV Recovery
